10,138
10,92
10,142
10,176
10,178
10,260
10,262
10,184
10,2
10,3
11,2
9,7
9,4
9,6
8,6
8,4
8,16
8,17
8,9
55,4
55,3
55,2
55,1
55,0
54,5
54,4
54,3
54,2
54,1
54,0
52,4
52,3
52,2
52,1
52,0
51,4
51,3
51,2
51,1
51,0
47,5
47,4
47,3
47,2
47,1
47,0
44,4
44,3
44,2
44,1
44,0
43,5
43,4
43,3
43,2
43,1
43,0
41,5
41,4
41,1
34,4
34,3
34,1
30,4
30,3
30,1
27,3
27,1
20,3
20,2
20,1
19,3
19,2
19,1
18,3
18,1
14,3
14,1
13,3
13,1
12,3
12,2
12,1
11,28
11,27
11,26
11,25
11,24
11,23
11,22
11,21
11,20
11,19
11,18
11,17
11,16
11,15
11,14
11,13
11,12
11,11
11,10
11,9
11,8
11,7
11,6
11,1
11,5
11,3
10,287
10,185
10,171
